39.0
64.66666666666667
80.0
64.33333333333333
43.333333333333336
37.0
62.666666666666664
51.666666666666664
35.0
53.666666666666664
53.0
45.333333333333336
58.0
61.333333333333336
57.666666666666664
70.0
71.66666666666667
33.333333333333336
38.666666666666664
65.0
41.333333333333336
41.333333333333336
50.333333333333336
74.66666666666667
67.33333333333333
55.333333333333336
75.66666666666667
53.0
68.33333333333333
43.333333333333336
62.0
70.0
62.333333333333336
67.33333333333333
54.333333333333336
58.0
71.66666666666667
79.66666666666667
56.666666666666664
50.0
53.666666666666664
52.333333333333336
63.333333333333336
51.0
55.666666666666664
65.33333333333333
75.0
63.666666666666664
91.0
70.0
50.333333333333336
67.66666666666667
59.666666666666664
65.0
55.333333333333336
74.0
71.33333333333333
67.66666666666667
68.0
67.33333333333333
52.666666666666664
81.0
39.333333333333336
43.333333333333336
78.66666666666667
44.666666666666664
59.666666666666664
69.33333333333333
61.0
67.0
53.333333333333336
45.333333333333336
83.0
66.0
72.66666666666667
79.66666666666667
51.0
50.666666666666664
81.0
56.45569620253165 61.50632911392405 62.59493670886076 